# oST version 5.0 parameters


[image]

width
640

height
480

[narrow_stereo]

camera matrix
554.733258 0.000000 295.943508
0.000000 554.767244 242.268414
0.000000 0.000000 1.000000

distortion
-0.104078 0.152070 0.001799 -0.002145 0.000000

rectification
1.000000 0.000000 0.000000
0.000000 1.000000 0.000000
0.000000 0.000000 1.000000

projection
548.692688 0.000000 295.461959 0.000000
0.000000 548.407349 243.130213 0.000000
0.000000 0.000000 1.000000 0.000000

